[traffic] 类别数: 12
[Naive Bayes] train ...
acc: 0.7165089675629652
using time: 2.248582124710083 sec
[[82979  1228 11641 12817  2360  3112   274  3355    61  5162   514   603]
 [  226   157   194     1     0     0     0     0     0     1     0     0]
 [   60    43 31006     1  6886     5     0   405     0     0     0     0]
 [  124     0   653  1594     2   761     0     0     0     0     0     0]
 [ 2369     0  4388     7 41991 19288     3   521     2     0   282     5]
 [  210     0   337    37     0   836    31   151     0    87     0     5]
 [  179     0    97   495     0     5   377   119     0    18     0   455]
 [    2     0  1188     0     0     3     0  1217     0     2     0     1]
 [  164    19    27    70     0    14     0     0 47492     3     0   160]
 [    0     0   868     0     0     2     0     4     0   864     5     0]
 [    0     0    49     0     0     0     0     0     0    46     0   352]
 [    0     0     6     0     0     6     0     0     0     2     0   186]]
             precision    recall  f1-score   support

          0       0.96      0.67      0.79    124106
          1       0.11      0.27      0.15       579
          2       0.61      0.81      0.70     38406
          3       0.11      0.51      0.18      3134
          4       0.82      0.61      0.70     68856
          5       0.03      0.49      0.06      1694
          6       0.55      0.22      0.31      1745
          7       0.21      0.50      0.30      2413
          8       1.00      0.99      0.99     47949
          9       0.14      0.50      0.22      1743
         10       0.00      0.00      0.00       447
         11       0.11      0.93      0.19       200

avg / total       0.86      0.72      0.77    291272

--------------------