[traffic] 类别数: 12
[KNN] train...
acc: 0.9970371336757395
using time: 1213.8613715171814 sec
[[123849    131     11     15     74     11      2      6      2      4
       1      0]
 [   177    402      0      0      0      0      0      0      0      0
       0      0]
 [    13      0  38328      0     65      0      0      0      0      0
       0      0]
 [     4      0      0   3121      6      3      0      0      0      0
       0      0]
 [     9      0     16      7  68817      0      0      0      5      0
       2      0]
 [    13      0      0      2      0   1673      6      0      0      0
       0      0]
 [     6      0      0      0      1      4   1731      0      1      1
       1      0]
 [     0      0      0      0      0      0      0   2409      0      3
       1      0]
 [     6      0      0      0      7      0      0      0  47932      2
       2      0]
 [     7      0      0      0      0      0      0      3      0   1733
       0      0]
 [     3      0      0      0      0      0      0      0      0      1
     358     85]
 [     6      0      0      2      0      0      0      0      1      1
     127     63]]
             precision    recall  f1-score   support

          0       1.00      1.00      1.00    124106
          1       0.75      0.69      0.72       579
          2       1.00      1.00      1.00     38406
          3       0.99      1.00      0.99      3134
          4       1.00      1.00      1.00     68856
          5       0.99      0.99      0.99      1694
          6       1.00      0.99      0.99      1745
          7       1.00      1.00      1.00      2413
          8       1.00      1.00      1.00     47949
          9       0.99      0.99      0.99      1743
         10       0.73      0.80      0.76       447
         11       0.43      0.32      0.36       200

avg / total       1.00      1.00      1.00    291272

--------------------