[traffic] 类别数: 12
[KNN] train...
acc: 0.996295558790409
using time: 1097.608418226242 sec
[[123945     73      9      9     53     10      0      3      1      2
       1      0]
 [   203    376      0      0      0      0      0      0      0      0
       0      0]
 [    42      0  38320      0     44      0      0      0      0      0
       0      0]
 [     9      0      0   3117      5      3      0      0      0      0
       0      0]
 [    38      0      5      5  68803      0      0      0      4      0
       1      0]
 [    19      0      0      2      0   1667      6      0      0      0
       0      0]
 [     6      0      0      0      1      4   1731      0      1      1
       1      0]
 [     2      0      0      0      0      0      0   2408      0      2
       1      0]
 [    11      0      0      0      4      0      0      0  47932      0
       2      0]
 [     9      0      0      0      0      0      0      1      0   1733
       0      0]
 [    95      0      0      0      0      0      0      0      0      0
     306     46]
 [    72      0      0      1      0      0      0      0      0      1
      88     38]]
             precision    recall  f1-score   support

          0       1.00      1.00      1.00    124106
          1       0.84      0.65      0.73       579
          2       1.00      1.00      1.00     38406
          3       0.99      0.99      0.99      3134
          4       1.00      1.00      1.00     68856
          5       0.99      0.98      0.99      1694
          6       1.00      0.99      0.99      1745
          7       1.00      1.00      1.00      2413
          8       1.00      1.00      1.00     47949
          9       1.00      0.99      1.00      1743
         10       0.77      0.68      0.72       447
         11       0.45      0.19      0.27       200

avg / total       1.00      1.00      1.00    291272

--------------------