[KNN] train...
acc: 0.9973907550330963
using time: 1163.181491136551 sec
[[123894    117      9     11     54     11      1      3      1      2
       3      0]
 [   167    412      0      0      0      0      0      0      0      0
       0      0]
 [     7      0  38353      0     46      0      0      0      0      0
       0      0]
 [     4      0      0   3119      8      3      0      0      0      0
       0      0]
 [     9      0      9      5  68826      0      0      0      5      0
       1      1]
 [     9      0      0      3      0   1676      6      0      0      0
       0      0]
 [     4      0      0      0      1      5   1731      0      2      1
       1      0]
 [     0      0      0      0      0      0      0   2410      0      2
       1      0]
 [     5      0      0      0      4      0      0      0  47936      0
       4      0]
 [     4      0      0      0      0      0      0      1      0   1738
       0      0]
 [     3      0      0      0      0      0      0      0      0      0
     353     91]
 [     6      0      0      1      0      1      0      0      1      1
     123     67]]
             precision    recall  f1-score   support

          0       1.00      1.00      1.00    124106
          1       0.78      0.71      0.74       579
          2       1.00      1.00      1.00     38406
          3       0.99      1.00      0.99      3134
          4       1.00      1.00      1.00     68856
          5       0.99      0.99      0.99      1694
          6       1.00      0.99      0.99      1745
          7       1.00      1.00      1.00      2413
          8       1.00      1.00      1.00     47949
          9       1.00      1.00      1.00      1743
         10       0.73      0.79      0.76       447
         11       0.42      0.34      0.37       200

avg / total       1.00      1.00      1.00    291272

--------------------