[traffic] 类别数: 12
[KNN] train...
acc: 0.9960998654178912
using time: 1038.3352370262146 sec
[[123995     54      7      4     33      8      0      2      0      2
       1      0]
 [   199    380      0      0      0      0      0      0      0      0
       0      0]
 [    40      0  38339      0     27      0      0      0      0      0
       0      0]
 [    13      0      0   3113      5      3      0      0      0      0
       0      0]
 [    62      0      2      2  68786      0      0      0      3      0
       1      0]
 [    15      0      0      3      0   1671      5      0      0      0
       0      0]
 [    19      0      0      0      1      2   1722      0      0      0
       1      0]
 [     2      0      0      0      0      0      0   2409      0      2
       0      0]
 [    15      0      0      0      3      0      0      0  47929      0
       2      0]
 [     7      0      0      0      0      0      0      0      0   1736
       0      0]
 [   119      0      0      0      0      0      0      0      0      0
     276     52]
 [    88      0      0      0      0      1      0      0      0      0
      80     31]]
             precision    recall  f1-score   support

          0       1.00      1.00      1.00    124106
          1       0.88      0.66      0.75       579
          2       1.00      1.00      1.00     38406
          3       1.00      0.99      1.00      3134
          4       1.00      1.00      1.00     68856
          5       0.99      0.99      0.99      1694
          6       1.00      0.99      0.99      1745
          7       1.00      1.00      1.00      2413
          8       1.00      1.00      1.00     47949
          9       1.00      1.00      1.00      1743
         10       0.76      0.62      0.68       447
         11       0.37      0.15      0.22       200

avg / total       1.00      1.00      1.00    291272
avg ; 0.916 0.867
--------------------