acc: 0.2956377544013843
using time: 2106.6725509166718 sec
[[18014 17379 39519  2325  4406  2355   692  1877 26352  8383  2804     0]
 [    8   486     9     0     0     0     0     0     0    76     0     0]
 [    1     6 33340     0  5059     0     0     0     0     0     0     0]
 [  128     0    82  2390   509     3     0     0     0    22     0     0]
 [13990     0 23809  4022 26949     2    25     0     0    44    15     0]
 [  282     0    35     3    21  1121    88     5     0    72    67     0]
 [  523     1     1     2     0   329   181   618     0    63    27     0]
 [    0     0     3     0     0     0     2  1221     0  1186     1     0]
 [   13 24811    14    20     0     0    89 22505   322    15   160     0]
 [    1     0     2     0     0     0     0     5     0  1735     0     0]
 [    0     0     0     1     0     0     0     0     0    94   352     0]
 [    2     0     6     2     0     0     0     0     0     4   186     0]]
C:\Users\DELL\AppData\Local\Programs\Python\Python36\lib\site-packages\sklearn\metrics\classification.py:1135: UndefinedMetricWarning: Precision and F-score are ill-defined and being set to 0.0 in labels with no predicted samples.
  'precision', 'predicted', average, warn_for)
             precision    recall  f1-score   support

          0       0.55      0.15      0.23    124106
          1       0.01      0.84      0.02       579
          2       0.34      0.87      0.49     38406
          3       0.27      0.76      0.40      3134
          4       0.73      0.39      0.51     68856
          5       0.29      0.66      0.41      1694
          6       0.17      0.10      0.13      1745
          7       0.05      0.51      0.09      2413
          8       0.01      0.01      0.01     47949
          9       0.15      1.00      0.26      1743
         10       0.10      0.79      0.17       447
         11       0.00      0.00      0.00       200

avg / total       0.46      0.30      0.29    291272

--------------------