acc: 0.36107487159768187
using time: 1536.9411392211914 sec
[[29080 15136  9000  1425  7735  6125  1618   933 37529 11606    79  3840]
 [   19   394     4     0     5     0     0   155     0     2     0     0]
 [ 9951     1 20108     0  8341     0     0     5     0     0     0     0]
 [  896     0     0   604  1436     2     0     0     0   196     0     0]
 [16113     1  2401   148 50095    15     0     0     0    43    12    28]
 [   52     0    35     1     0  1315   118     9     0    97     0    67]
 [  563     0     1   341     0    66    64   609     1    76     8    16]
 [    0     0     0     0     3     0    23  1200     0  1186     0     1]
 [   33 23093     1    11    18     0    49 24028   390    15     0   311]
 [    1     0     1     0     1     0     0     5     0  1735     0     0]
 [    0     0     0     0     0     0     0     0     0    95     0   352]
 [    2     0     0     2     6     0     0     0     0     4     0   186]]
             precision    recall  f1-score   support

          0       0.51      0.23      0.32    124106
          1       0.01      0.68      0.02       579
          2       0.64      0.52      0.57     38406
          3       0.24      0.19      0.21      3134
          4       0.74      0.73      0.73     68856
          5       0.17      0.78      0.29      1694
          6       0.03      0.04      0.04      1745
          7       0.04      0.50      0.08      2413
          8       0.01      0.01      0.01     47949
          9       0.12      1.00      0.21      1743
         10       0.00      0.00      0.00       447
         11       0.04      0.93      0.07       200

avg / total       0.48      0.36      0.39    291272

--------------------