acc: 0.2797934576615672
using time: 1245.4898755550385 sec
[[11279 15140 10853  1556  7474  2739  2228   824 59396  6184  2544  3889]
 [    8   395     9     0     0    11     0   155     0     1     0     0]
 [ 9471     1 18998     0  9931     0     0     5     0     0     0     0]
 [ 1041     0   297   412   736     3     8     0    86    22   529     0]
 [18751     1   814    88 46739    20     0     0  2372    43     0    28]
 [  349     0    35     1    77   935   205     5     0    18     2    67]
 [  567     0     2   341     0    59   224   464     0    64     0    24]
 [    0     0     0     0     3     0  1219     4     0  1186     0     1]
 [   28 23106     2    17    16     0    48 23842   563    15     1   311]
 [    1     1     1     0     1     0     3     2     0  1734     0     0]
 [    1     0     0     0     0     0     0     0     0    67    27   352]
 [    3     0     0     1     6     0     0     0     0     3     1   186]]
             precision    recall  f1-score   support

          0       0.27      0.09      0.14    124106
          1       0.01      0.68      0.02       579
          2       0.61      0.49      0.55     38406
          3       0.17      0.13      0.15      3134
          4       0.72      0.68      0.70     68856
          5       0.25      0.55      0.34      1694
          6       0.06      0.13      0.08      1745
          7       0.00      0.00      0.00      2413
          8       0.01      0.01      0.01     47949
          9       0.19      0.99      0.31      1743
         10       0.01      0.06      0.02       447
         11       0.04      0.93      0.07       200

avg / total       0.37      0.28      0.30    291272

--------------------