acc: 0.3729297701117856
using time: 1841.776619195938 sec
[[12998 15925 36312  2189  6768  6840  1129  1735 30227  6871  3112     0]
 [   20   549     9     0     0     0     0     0     0     1     0     0]
 [ 6898     6 26244     0  5258     0     0     0     0     0     0     0]
 [  191     0     0  1346  1458     2     0     0   115    22     0     0]
 [16414     1  3646   949 47771    17     0     0     0    43    15     0]
 [  104     0    35     2    21  1306   118     9     1    31    67     0]
 [  540     0     1   232     0    93   139   609     6    98    27     0]
 [    0     0     0     0     3     0     2  1221     0  1186     1     0]
 [   23  8999     1     8    18     0    74 23537 14963    15   311     0]
 [    1     0     1     0     1     0     0     5     0  1735     0     0]
 [    0     0     0     1     0     0     0     0     0    94   352     0]
 [    2     0     0     1     7     0     0     0     0     4   186     0]]
C:\Users\DELL\AppData\Local\Programs\Python\Python36\lib\site-packages\sklearn\metrics\classification.py:1135: UndefinedMetricWarning: Precision and F-score are ill-defined and being set to 0.0 in labels with no predicted samples.
  'precision', 'predicted', average, warn_for)
             precision    recall  f1-score   support

          0       0.35      0.10      0.16    124106
          1       0.02      0.95      0.04       579
          2       0.40      0.68      0.50     38406
          3       0.28      0.43      0.34      3134
          4       0.78      0.69      0.73     68856
          5       0.16      0.77      0.26      1694
          6       0.10      0.08      0.09      1745
          7       0.05      0.51      0.08      2413
          8       0.33      0.31      0.32     47949
          9       0.17      1.00      0.29      1743
         10       0.09      0.79      0.16       447
         11       0.00      0.00      0.00       200

avg / total       0.45      0.37      0.37    291272

--------------------