[RF] train...
acc: 0.9973873218160345
using time: 72.08345484733582 sec
[[123982     67      1      1     45      8      0      0      0      0
       2      0]
 [   298    281      0      0      0      0      0      0      0      0
       0      0]
 [    20      0  38386      0      0      0      0      0      0      0
       0      0]
 [     2      0      0   3121      8      3      0      0      0      0
       0      0]
 [    14      0      0      4  68834      0      0      0      3      0
       1      0]
 [     5      0      0      3      0   1681      5      0      0      0
       0      0]
 [     8      0      0      0      0      2   1734      0      0      0
       1      0]
 [     2      0      0      0      0      0      0   2410      0      0
       0      1]
 [     6      0      0      0      5      0      0      0  47935      0
       3      0]
 [     0      0      0      0      0      0      0      0      0   1743
       0      0]
 [     6      0      0      0      0      0      0      0      0      0
     359     82]
 [    13      0      0      0      0      0      0      0      0      0
     126     61]]
             precision    recall  f1-score   support

          0       1.00      1.00      1.00    124106
          1       0.81      0.49      0.61       579
          2       1.00      1.00      1.00     38406
          3       1.00      1.00      1.00      3134
          4       1.00      1.00      1.00     68856
          5       0.99      0.99      0.99      1694
          6       1.00      0.99      1.00      1745
          7       1.00      1.00      1.00      2413
          8       1.00      1.00      1.00     47949
          9       1.00      1.00      1.00      1743
         10       0.73      0.80      0.76       447
         11       0.42      0.30      0.35       200

avg / total       1.00      1.00      1.00    291272

--------------------